4.242348800005857 
4.15374520001933 
4.411117299983744 
4.722803699987708 
4.5226846000005025 
4.364090100018075 
4.532649600005243 
4.765185099997325 
4.199343199987197 
4.392012700001942 
4.466145600017626 
4.256175300019095 
4.265311399998609 
4.340384899987839 
4.343446799990488 
4.280010799993761 
4.660637699998915 
4.371273700002348 
4.240421099995729 
4.604615299991565 
4.466213499981677 
4.289480799983721 
4.274360999988858 
4.409183299983852 
4.4423629000084475 
4.133743600017624 
4.25937710001017 
4.449677399999928 
4.561929599993164 
4.566300099977525 
4.464290699979756 
4.538953599985689 
4.472460000019055 
4.441553500015289 
4.617494700010866 
4.533225799998036 
4.6950238999852445 
4.392919500009157 
4.404552399995737 
4.420868300017901 
4.505017300019972 
4.455469999986235 
4.22499020001851 
4.382746500021312 
4.361833699978888 
4.316343799990136 
4.401854900002945 
4.545272499992279 
4.4374061999842525 
4.688486400002148 
