5.083030500012683 
4.835961199976737 
4.89151590000256 
4.620665199996438 
4.643065600015689 
4.727626299980329 
4.728790399996797 
4.658039400004782 
4.561048400006257 
4.877365399996052 
4.8569294000044465 
4.831464800023241 
4.898219700000482 
4.807150000007823 
4.781206599989673 
4.618408799986355 
4.770655900007114 
4.668200200016145 
4.825800799997523 
4.661243899987312 
4.6466584999870975 
4.629182100004982 
4.693093300011242 
4.674214099999517 
4.812836600001901 
4.868984400003683 
4.855398199986666 
4.711439500009874 
4.782426699995995 
4.839107100007823 
4.7000489000056405 
4.703197800001362 
4.926707099977648 
5.2877904000051785 
4.701679799996782 
4.75817059999099 
4.879483600001549 
4.690869500016561 
4.675701500003925 
4.653982100018766 
4.887354900012724 
4.5893423999950755 
4.717148800002178 
4.891299599985359 
4.690574999985984 
4.7217801999941 
4.665295399987372 
4.67020429999684 
4.680368799978169 
4.787499999976717 
